{
  "height": 34,
  "width": 82,
  "x": 574.265625,
  "y": 70.59375
}